function z = funcDy(u1, u2)
    z = 6.1716.*u2 - u1 - 64.5444; 
end