function z = funOfX(u1, u2)
    z = 11.8284.*u1 - u2 + 115.4556; 
end